Samples	CN1	CN2	CN3	CN4	CN5	CN6	CN7	CN8	CN9	CN10	CN11	CN12	CN13	CN14	CN15	CN16	CN17	CN18	CN19	CN20	CN21	CN22	CN23	CN24	CN25
TCGA-CS-4938	39	0	0	0	0	0	0	0	0	0	0	0	0	0	0	0	0	0	0	0	0	0	38	0	0
TCGA-CS-4942	46	0	0	0	0	0	0	0	0	0	0	0	0	0	0	0	0	0	0	0	0	0	57	0	0
TCGA-CS-4943	0	60	0	0	0	0	60	0	0	0	0	0	0	0	0	0	46	0	42	0	0	0	0	0	0
TCGA-CS-4944	48	0	0	0	0	0	0	0	0	0	0	0	0	0	0	0	0	0	0	0	0	0	63	0	0
TCGA-CS-5393	46	0	0	58	0	0	0	0	0	0	0	0	0	0	0	0	0	0	0	0	0	0	52	0	0
TCGA-CS-6290	44	0	0	0	0	0	0	0	0	0	0	0	0	0	0	0	0	0	0	0	0	0	41	0	0
TCGA-CS-6665	0	65	0	0	0	0	0	0	0	0	0	0	0	0	0	0	0	0	0	57	0	0	0	0	0
TCGA-CS-6666	0	0	0	0	0	0	0	0	0	0	0	0	0	0	0	0	0	0	0	0	62	0	0	146	0
TCGA-CS-6667	0	0	0	0	0	0	0	0	0	0	0	0	0	0	0	0	0	0	0	0	0	0	0	548	0
TCGA-DB-5270	39	0	0	0	0	0	0	0	0	0	0	0	0	0	0	0	0	0	0	0	0	0	48	0	0
TCGA-DB-5273	50	0	0	0	0	0	0	0	0	0	0	0	0	0	0	0	0	0	0	0	0	0	42	0	0
TCGA-DB-5275	0	59	0	0	0	96	0	0	0	0	0	0	0	0	0	0	75	0	0	0	0	0	0	0	0
TCGA-DB-5276	51	0	0	0	0	0	0	0	0	0	0	0	0	0	0	0	0	0	0	0	0	0	35	0	0
TCGA-DB-5277	0	0	0	0	0	150	0	0	0	0	0	0	0	0	0	0	182	0	0	0	0	0	0	0	0
TCGA-DB-5280	44	0	0	0	0	0	0	0	0	0	0	0	0	0	0	0	0	0	0	0	0	0	33	0	0
TCGA-DB-5281	25	0	0	68	0	0	0	0	104	0	0	0	0	0	0	0	0	0	0	0	0	0	0	0	0
TCGA-DB-A4X9	47	0	0	0	0	0	0	0	0	0	0	0	0	0	0	0	0	0	0	0	0	0	46	0	0
TCGA-DB-A4XB	0	69	0	0	0	0	0	0	0	0	0	0	0	0	0	0	0	0	0	32	0	0	0	0	0
TCGA-DB-A4XC	42	0	0	0	0	0	0	0	0	0	0	0	0	0	0	0	0	0	0	0	21	30	0	0	0
TCGA-DB-A4XD	44	0	0	0	0	0	0	0	0	0	0	0	0	0	0	0	0	0	0	0	0	0	49	0	0
TCGA-DB-A4XE	35	0	0	0	0	0	0	0	0	0	0	0	0	0	0	0	0	0	0	20	0	0	38	0	0
TCGA-DB-A4XF	0	74	0	0	0	0	0	0	0	0	0	0	0	0	0	0	0	0	0	43	0	0	0	0	0
TCGA-DB-A64S	36	0	0	0	0	0	0	0	0	0	0	0	0	0	0	0	0	0	0	0	0	0	26	0	0
TCGA-DB-A64X	38	0	0	0	0	0	0	0	0	0	0	0	0	0	0	0	0	0	0	16	0	0	26	0	0
TCGA-DB-A75L	0	0	0	0	0	0	0	0	0	0	0	0	0	0	0	0	0	0	249	221	0	0	0	0	0
TCGA-DB-A75M	47	0	0	0	0	0	0	0	0	0	0	0	0	0	0	0	0	0	0	0	0	0	0	0	17
TCGA-DB-A75O	34	0	0	0	0	0	0	0	56	0	0	0	0	0	0	0	0	0	0	0	0	0	61	0	0
TCGA-DH-5142	0	74	0	0	0	0	0	0	0	0	0	0	0	0	0	0	0	0	0	54	0	0	0	0	0
TCGA-DH-5143	36	0	0	0	0	0	0	0	0	0	0	0	0	0	0	0	0	0	0	0	0	37	36	0	0
TCGA-DH-A66B	0	60	0	0	0	0	0	0	0	0	0	0	0	0	0	0	0	0	0	99	0	0	0	0	0
TCGA-DH-A66D	0	85	0	0	0	0	0	0	0	0	0	0	0	0	0	0	0	0	0	0	0	0	0	0	0
TCGA-DH-A66G	0	67	0	0	0	0	0	0	0	0	0	0	0	0	0	0	0	0	0	30	0	0	0	0	0
TCGA-DH-A7UT	35	0	0	0	0	0	0	0	28	0	0	0	0	0	0	0	0	0	0	0	0	0	27	0	0
TCGA-DH-A7UU	50	0	0	27	0	0	0	0	0	0	0	0	0	0	0	0	0	0	0	0	0	0	36	0	0
TCGA-DH-A7UV	33	0	0	0	0	0	0	0	0	0	0	0	0	0	0	0	0	0	0	0	0	0	64	126	0
TCGA-DU-5851	39	0	0	0	0	0	0	0	0	0	0	0	0	0	0	0	0	0	0	0	0	0	41	0	0
TCGA-DU-5853	0	71	0	0	0	0	0	0	0	0	0	0	0	0	0	0	0	0	0	59	0	0	0	0	0
TCGA-DU-5855	39	0	0	0	0	0	0	0	0	0	0	0	0	0	0	0	0	0	0	0	60	0	0	0	28
TCGA-DU-5871	0	63	0	0	0	0	0	0	0	0	0	0	0	0	0	0	0	0	0	109	0	0	0	0	0
TCGA-DU-5872	0	100	0	0	0	0	0	0	0	0	0	0	0	0	0	0	0	0	0	0	0	0	0	0	0
TCGA-DU-6395	50	0	0	0	0	0	0	0	0	0	0	0	0	0	0	0	0	0	0	0	0	0	48	0	0
TCGA-DU-6396	0	74	0	0	0	0	0	0	0	0	0	0	0	0	0	0	0	0	0	54	0	0	0	0	0
TCGA-DU-6399	32	0	0	0	0	0	0	0	0	0	0	0	0	0	0	0	0	0	0	21	26	0	63	0	0
TCGA-DU-6401	35	0	0	0	0	0	0	0	0	0	0	0	0	0	0	0	0	0	0	0	23	0	45	0	0
TCGA-DU-6407	0	73	0	0	0	0	0	0	0	0	0	0	0	0	0	0	0	0	0	87	0	0	0	0	0
TCGA-DU-6408	0	66	0	0	0	0	0	0	0	0	0	0	0	0	0	0	55	0	0	0	0	0	0	0	0
TCGA-DU-6542	0	0	0	0	0	0	0	0	0	0	0	0	0	0	0	0	0	0	166	182	0	0	0	0	0
TCGA-DU-7007	0	79	0	0	0	0	0	0	0	0	0	0	0	0	0	0	0	0	0	35	0	0	0	0	0
TCGA-DU-7008	0	63	0	0	0	0	0	0	0	0	0	0	0	0	0	0	0	0	0	94	0	0	0	0	0
TCGA-DU-7010	0	58	0	0	0	0	0	0	0	0	0	0	0	0	0	0	0	0	0	217	0	0	0	0	0
TCGA-DU-7011	41	0	0	0	0	0	0	0	0	0	0	0	0	0	0	0	0	0	0	0	0	0	53	0	0
TCGA-DU-7015	43	0	0	0	0	0	0	0	0	0	0	0	0	0	0	0	0	0	0	31	0	0	54	0	0
TCGA-DU-7298	37	0	0	0	0	0	0	0	38	0	0	0	0	0	0	0	0	0	0	0	0	0	29	0	0
TCGA-DU-7299	0	80	0	0	0	0	0	0	0	0	0	0	0	0	0	0	0	0	0	84	0	0	0	0	0
TCGA-DU-7301	46	0	0	0	0	0	0	0	0	0	0	0	0	0	0	0	0	0	0	0	0	0	57	0	0
TCGA-DU-7304	43	0	0	0	0	0	0	0	0	0	0	0	0	0	0	0	0	0	0	23	0	0	36	0	0
TCGA-DU-7306	34	0	0	0	0	0	0	0	0	0	0	0	0	0	0	0	0	0	0	0	42	0	52	0	0
TCGA-DU-7309	34	0	0	0	0	0	0	0	0	0	0	0	0	0	0	0	0	0	0	0	25	0	56	0	0
TCGA-DU-8163	38	0	0	0	0	0	0	0	0	0	0	0	0	0	0	0	0	0	0	0	0	0	32	0	0
TCGA-DU-8166	0	72	0	0	0	0	0	0	0	0	0	0	0	0	0	0	0	0	0	29	0	0	0	0	0
TCGA-DU-8167	48	0	0	0	0	0	0	0	0	0	0	0	0	0	0	0	0	0	0	0	0	66	0	0	0
TCGA-DU-A5TP	35	0	0	0	0	0	0	0	23	0	0	0	0	0	0	0	0	0	0	0	0	54	0	0	0
TCGA-DU-A5TR	27	0	0	0	0	0	0	0	0	0	0	0	0	0	0	0	0	0	0	0	0	0	75	107	0
TCGA-DU-A5TS	27	0	0	0	0	0	0	0	45	0	0	0	0	0	0	0	0	0	0	0	0	0	49	46	0
TCGA-DU-A5TU	0	0	0	0	0	0	0	0	0	0	0	0	0	0	0	0	182	0	0	0	0	99	0	0	0
TCGA-DU-A5TW	36	0	0	0	0	0	0	0	0	0	0	0	0	0	0	0	0	0	0	19	0	0	54	0	0
TCGA-DU-A6S7	0	70	0	0	0	0	0	0	0	0	0	0	0	0	0	0	0	0	0	39	0	0	0	0	0
TCGA-DU-A76O	51	0	0	0	0	0	0	0	0	0	0	0	0	0	0	0	0	0	0	0	0	0	75	0	0
TCGA-DU-A7T8	0	0	0	0	0	0	0	0	0	0	0	0	0	0	0	0	0	0	0	0	0	0	98	228	0
TCGA-DU-A7TA	0	46	84	0	0	0	0	0	0	0	0	0	0	0	0	0	0	0	0	97	0	0	0	0	0
TCGA-DU-A7TC	0	67	0	0	0	0	0	0	0	0	0	0	0	0	0	0	0	0	0	105	0	0	0	0	0
TCGA-E1-5302	0	66	0	0	0	0	0	0	0	0	0	0	0	0	0	0	0	0	0	75	0	0	0	0	0
TCGA-E1-5303	0	72	0	0	0	0	0	0	0	0	0	0	0	0	0	0	0	0	0	40	0	0	0	0	0
TCGA-E1-5304	0	0	0	225	0	0	0	0	0	0	0	0	0	0	0	0	0	0	0	315	0	0	0	0	0
TCGA-E1-5305	0	72	0	0	0	0	0	0	0	0	0	0	0	0	0	0	0	0	0	43	0	0	0	0	0
TCGA-E1-5307	37	0	0	0	0	0	0	0	93	0	0	0	0	0	0	0	0	0	0	0	0	0	0	0	0
TCGA-E1-5322	37	0	0	0	0	0	0	0	0	0	0	0	0	0	0	0	0	0	0	0	0	0	59	0	0
TCGA-E1-A7YE	0	0	0	0	0	0	0	0	280	0	0	0	0	0	0	0	0	0	0	0	0	0	0	298	0
TCGA-E1-A7YH	40	0	0	0	0	0	0	0	0	0	0	0	0	0	0	0	0	0	0	0	0	0	36	0	0
TCGA-E1-A7YI	33	0	0	0	0	0	0	0	76	0	0	0	0	0	0	0	0	0	0	0	0	0	33	0	0
TCGA-E1-A7YK	0	70	0	0	0	0	0	0	0	0	0	0	0	0	0	0	0	0	0	82	0	0	0	0	0
TCGA-E1-A7YU	34	0	0	0	0	19	0	0	28	0	0	0	0	0	0	0	0	0	0	0	0	0	28	0	0
TCGA-E1-A7YV	0	67	0	0	0	0	0	0	0	0	0	0	0	0	0	0	43	0	0	0	0	0	0	0	0
TCGA-E1-A7YW	40	0	0	0	0	0	0	0	0	0	0	0	0	0	0	0	0	0	0	0	0	0	81	0	0
TCGA-E1-A7Z3	21	0	0	0	0	0	0	0	0	0	0	0	0	0	0	0	0	0	0	0	91	0	38	46	0
TCGA-E1-A7Z4	0	68	0	0	0	0	0	0	0	0	0	0	0	0	0	0	0	0	0	42	0	0	0	0	0
TCGA-E1-A7Z6	41	0	0	0	0	0	0	0	0	0	0	0	0	0	0	0	0	0	0	0	0	0	48	0	0
TCGA-F6-A8O4	43	0	0	0	0	0	0	0	0	0	0	0	0	0	0	0	0	0	0	0	0	0	85	0	0
TCGA-FG-5965	0	100	0	0	0	0	0	0	0	0	0	0	0	0	0	0	0	0	0	0	0	0	0	0	0
TCGA-FG-6689	0	66	0	0	0	0	0	0	0	0	0	0	0	0	0	0	0	0	0	29	0	0	0	0	0
TCGA-FG-6690	30	0	0	0	0	0	0	0	0	0	0	0	0	0	0	0	0	0	0	0	37	0	33	0	0
TCGA-FG-6691	43	0	0	0	0	16	0	0	0	0	0	0	0	0	0	0	0	0	0	0	0	0	22	0	0
TCGA-FG-7636	0	57	0	0	0	0	0	0	0	0	0	0	0	0	0	0	0	0	0	62	29	0	0	0	0
TCGA-FG-8182	45	0	0	0	0	0	0	0	0	0	0	0	0	0	0	0	0	0	0	0	0	94	0	0	0
TCGA-FG-8185	37	0	0	0	0	0	0	0	0	0	0	0	0	0	0	0	0	0	0	25	0	0	55	0	0
TCGA-FG-8188	46	0	0	0	0	0	0	0	0	0	0	0	0	0	0	0	0	0	0	0	0	0	49	0	0
TCGA-FG-8191	0	56	0	0	0	0	0	0	0	0	0	0	0	0	0	0	0	0	0	75	0	0	0	0	0
TCGA-FG-A4MT	42	0	0	0	0	0	0	0	0	0	0	0	0	0	0	0	0	0	0	0	0	0	46	0	0
TCGA-FG-A4MX	0	84	0	0	0	0	0	0	0	0	0	0	0	0	0	0	0	0	0	33	0	0	0	0	0
TCGA-FG-A4MY	39	0	0	0	0	0	0	0	0	0	0	0	0	0	0	0	0	0	0	30	0	0	55	0	0
TCGA-FG-A60J	27	0	0	0	0	0	0	0	0	0	0	0	0	0	0	0	0	0	0	0	67	0	57	0	0
TCGA-FG-A60L	47	0	0	0	0	0	0	0	0	0	0	0	0	0	0	0	0	0	0	0	0	0	46	0	0
TCGA-FG-A6J3	0	53	0	0	0	0	0	0	0	0	0	0	0	0	0	0	89	0	0	71	0	0	0	0	0
TCGA-FG-A70Y	42	0	0	0	0	0	0	0	0	0	0	0	0	0	0	0	0	0	0	18	23	0	32	0	0
TCGA-FG-A711	49	0	0	0	0	0	0	0	0	0	0	0	0	0	0	0	0	0	0	0	0	0	64	0	0
TCGA-FG-A87N	55	0	0	0	0	0	0	0	0	0	0	0	0	0	0	0	0	0	0	0	0	0	99	0	0
TCGA-FN-7833	36	0	0	0	0	0	0	0	0	0	0	0	0	0	0	0	0	0	0	0	0	0	55	0	0
TCGA-HT-7470	40	0	0	0	0	0	0	0	77	0	0	0	0	0	0	0	0	0	0	0	0	0	38	0	0
TCGA-HT-7472	0	0	0	0	0	0	0	0	0	0	0	0	0	0	0	0	0	0	352	181	0	0	0	0	0
TCGA-HT-7473	0	72	0	0	0	0	0	0	0	0	0	0	0	0	0	0	0	0	0	82	0	0	0	0	0
TCGA-HT-7474	0	70	0	0	0	0	0	0	0	0	0	0	0	0	0	0	0	0	0	35	0	0	0	0	0
TCGA-HT-7475	46	0	0	0	0	0	0	0	0	0	0	0	0	0	0	0	0	0	0	27	0	0	59	0	0
TCGA-HT-7476	43	0	0	0	0	0	0	0	0	0	0	0	0	0	0	0	0	0	0	0	0	0	56	0	35
TCGA-HT-7477	0	0	0	0	0	0	0	0	0	0	0	0	0	0	0	0	0	0	0	355	156	0	0	0	0
TCGA-HT-7478	35	0	0	0	0	0	0	0	0	0	0	0	0	0	0	0	0	0	25	0	0	0	38	0	0
TCGA-HT-7479	46	0	0	0	0	0	0	0	0	0	0	0	0	0	0	0	0	0	0	0	0	0	53	0	0
TCGA-HT-7482	0	75	0	0	0	0	0	0	0	0	0	0	0	0	0	0	0	0	0	37	0	0	0	0	0
TCGA-HT-7483	40	0	0	0	0	0	0	0	0	0	0	0	0	0	0	0	0	0	0	19	0	0	34	0	0
TCGA-HT-7485	50	0	0	0	0	0	0	0	0	0	0	0	0	0	0	0	0	0	0	0	0	0	55	0	0
TCGA-HT-7601	44	0	0	0	0	0	0	0	0	0	0	0	0	0	0	0	0	0	0	0	0	0	24	0	0
TCGA-HT-7603	36	0	0	0	0	0	0	0	0	0	0	0	0	0	0	0	0	0	0	0	28	0	43	0	0
TCGA-HT-7604	57	0	0	0	0	0	0	0	0	0	0	0	0	0	0	0	0	0	0	0	0	0	42	0	36
TCGA-HT-7606	0	75	0	0	0	0	0	0	0	0	0	0	0	0	0	0	0	0	0	47	0	0	0	0	0
TCGA-HT-7609	41	0	0	0	0	0	0	0	0	0	0	0	0	0	0	0	0	0	0	0	0	0	27	0	0
TCGA-HT-7610	47	0	0	0	0	0	0	0	0	0	0	0	0	0	0	0	0	0	0	0	0	0	55	0	0
TCGA-HT-7611	39	0	0	0	0	0	0	0	0	0	0	0	0	0	0	0	0	0	0	0	0	0	40	0	22
TCGA-HT-7676	46	0	0	0	0	0	0	0	0	0	0	0	0	0	0	0	0	0	0	0	0	0	32	0	0
TCGA-HT-7684	46	0	0	0	0	0	0	0	0	0	0	0	0	0	0	0	0	0	0	0	0	0	38	0	0
TCGA-HT-7686	24	0	0	0	0	0	0	0	0	0	0	0	0	0	0	0	0	0	0	0	110	0	0	0	38
TCGA-HT-7688	0	66	0	0	0	0	0	0	0	0	0	0	0	0	0	0	0	0	0	118	0	0	0	0	0
TCGA-HT-7689	0	0	67	0	0	0	0	0	0	0	0	0	0	0	0	0	0	60	0	0	0	0	0	0	0
TCGA-HT-7690	34	0	0	0	0	0	0	0	0	0	0	0	0	0	0	0	0	0	0	0	24	0	41	0	0
TCGA-HT-7693	42	0	0	0	0	20	0	0	0	0	0	0	0	0	0	0	0	0	0	0	0	0	41	0	0
TCGA-HT-7855	51	0	0	0	0	0	0	0	0	0	0	0	0	0	0	0	0	0	0	0	0	0	39	0	0
TCGA-HT-7858	39	0	0	0	0	0	0	0	25	0	0	0	0	0	0	0	0	0	0	0	0	0	20	0	0
TCGA-HT-7873	32	0	0	0	0	0	0	0	0	0	0	0	0	0	0	0	0	0	0	24	51	0	42	0	0
TCGA-HT-7879	45	0	0	0	0	0	0	0	0	0	0	0	0	0	0	0	0	0	0	0	0	0	70	0	0
TCGA-HT-7880	41	0	0	0	0	0	0	0	0	0	0	0	0	0	0	0	0	0	0	0	0	0	21	0	0
TCGA-HT-7884	34	0	0	0	0	0	0	0	0	0	0	0	0	0	0	0	0	0	0	0	0	0	45	28	0
TCGA-HT-7902	47	0	0	0	0	0	0	0	0	0	0	0	0	0	0	0	0	0	0	0	0	0	62	0	0
TCGA-HT-8013	38	0	0	0	0	0	0	0	0	0	0	0	0	0	0	0	0	0	0	0	0	0	27	0	0
TCGA-HT-8018	48	0	0	0	0	0	0	0	0	0	0	0	0	0	0	0	0	0	0	0	0	0	37	0	0
TCGA-HT-8106	26	0	0	0	0	0	0	0	0	0	0	0	0	0	0	0	0	0	0	0	33	0	53	0	0
TCGA-HT-8108	41	0	0	0	0	0	0	0	0	0	0	0	0	0	0	0	0	0	0	17	0	0	44	0	0
TCGA-HT-8111	37	0	0	0	0	0	0	0	42	0	0	0	0	0	0	0	0	0	0	16	0	0	0	0	0
TCGA-HT-8114	50	0	0	0	0	0	0	0	0	0	0	0	0	0	0	0	0	0	0	0	0	0	49	0	0
TCGA-HT-8563	32	0	0	0	0	0	0	0	0	0	0	0	0	0	0	0	0	0	0	0	0	0	70	65	0
TCGA-HT-A5R5	42	0	0	0	0	0	0	0	0	0	0	0	0	0	0	0	0	0	0	0	0	0	30	0	0
TCGA-HT-A5R7	32	0	0	0	0	0	0	0	0	0	0	0	0	0	0	0	0	0	0	0	0	0	65	114	0
TCGA-HT-A5RB	54	0	0	0	0	0	0	0	0	0	0	0	0	0	0	0	0	0	0	0	0	0	27	0	0
TCGA-HT-A614	32	0	0	0	0	0	0	0	139	0	0	0	0	0	0	0	0	0	0	0	0	0	0	0	47
TCGA-HT-A616	54	0	0	0	0	0	0	0	0	0	0	0	0	0	0	0	0	0	0	0	0	0	51	0	0
TCGA-HT-A618	0	68	0	0	0	0	0	0	0	0	0	0	0	0	0	0	0	0	0	57	0	0	0	0	0
TCGA-HT-A61B	0	69	0	0	0	103	0	0	0	0	0	0	0	0	0	0	0	0	0	48	0	0	0	0	0
TCGA-HT-A74J	34	0	0	0	0	0	0	0	0	0	0	0	0	0	0	0	0	0	0	0	25	0	33	0	0
TCGA-HT-A74O	42	0	0	0	0	0	0	0	0	0	0	0	0	0	0	0	0	0	0	0	0	0	33	0	0
TCGA-HW-7489	0	59	0	0	0	0	0	0	0	0	0	0	0	0	0	0	0	0	0	96	0	0	0	0	0
TCGA-HW-7490	0	70	0	0	0	0	0	0	0	0	0	0	0	0	0	0	0	0	0	41	0	0	0	0	0
TCGA-HW-8319	45	0	0	0	0	0	0	0	0	0	0	0	0	0	0	0	0	0	0	0	0	0	30	0	0
TCGA-HW-8320	0	55	0	0	0	0	0	0	0	0	0	0	0	0	0	0	0	0	0	47	0	0	0	0	0
TCGA-HW-8321	32	0	0	0	0	0	0	0	0	0	0	0	0	0	0	0	0	0	0	0	26	0	50	0	0
TCGA-HW-A5KL	41	0	0	0	0	0	0	0	0	0	0	0	0	0	0	0	0	0	0	0	0	0	26	0	0
TCGA-HW-A5KM	37	0	0	0	0	0	0	0	0	0	0	0	0	0	0	0	0	0	0	21	19	0	18	0	17
TCGA-IK-7675	35	0	0	0	0	0	0	0	63	0	0	0	0	0	0	0	0	0	0	0	0	0	52	0	0
TCGA-P5-A5EU	37	0	0	0	0	0	0	0	0	0	0	0	28	0	0	0	0	0	41	0	0	0	50	0	0
TCGA-P5-A5EV	37	0	0	35	0	0	0	0	0	0	0	0	0	0	0	0	0	0	0	0	0	0	48	0	0
TCGA-P5-A5EW	48	0	0	0	0	0	0	0	0	0	0	0	0	0	0	0	0	0	0	0	0	0	36	0	0
TCGA-P5-A5EZ	34	0	0	0	0	0	0	0	0	0	0	0	0	0	0	0	0	0	0	21	42	0	43	0	45
TCGA-P5-A5F1	33	0	0	0	0	0	0	0	0	0	0	0	0	0	0	0	0	0	0	0	0	0	0	138	0
TCGA-P5-A5F2	0	58	0	0	0	0	0	0	0	0	0	0	0	0	0	0	24	0	0	0	0	0	0	0	0
TCGA-P5-A5F4	38	0	0	0	0	0	0	0	0	0	0	0	0	0	0	0	0	0	0	0	0	0	79	0	0
TCGA-P5-A72U	0	69	0	0	0	0	0	0	0	0	0	0	0	0	0	0	90	0	0	0	0	0	0	0	0
TCGA-P5-A72W	0	74	0	0	0	0	0	0	0	0	0	0	0	0	0	0	0	0	0	76	0	0	0	0	0
TCGA-P5-A72X	45	0	0	0	0	0	0	0	0	0	0	0	0	0	0	0	0	0	0	0	0	0	47	0	0
TCGA-P5-A731	50	0	0	0	0	0	0	0	0	0	0	0	0	0	0	0	0	0	0	0	0	0	19	0	0
TCGA-P5-A733	0	63	0	0	0	0	0	0	0	0	0	0	0	0	0	0	0	0	0	42	0	0	0	0	0
TCGA-P5-A735	0	84	0	0	0	25	0	0	0	0	0	0	0	0	0	0	0	0	0	0	0	0	0	0	0
TCGA-P5-A736	39	0	0	0	0	0	0	0	0	0	0	0	0	0	0	0	0	0	0	0	0	0	35	0	0
TCGA-P5-A780	0	77	0	0	0	0	0	0	0	0	0	0	0	0	0	0	0	0	0	130	0	0	0	0	0
TCGA-QH-A65S	44	0	0	0	0	0	0	0	35	0	0	0	0	0	0	0	0	0	0	0	0	0	42	0	0
TCGA-QH-A6CW	51	0	0	0	0	0	0	0	0	0	0	0	0	0	0	0	0	0	0	0	0	0	31	0	0
TCGA-QH-A6X3	39	0	0	0	0	0	0	0	0	0	0	0	0	0	0	0	0	0	0	0	0	0	27	0	0
TCGA-QH-A6X9	0	83	0	0	0	0	0	0	0	0	0	0	0	0	0	0	0	0	0	32	0	0	0	0	0
TCGA-QH-A6XA	46	0	0	0	0	0	0	0	0	0	0	0	0	0	0	0	0	0	0	0	0	0	21	0	0
TCGA-QH-A870	50	0	0	0	0	0	0	0	0	0	0	0	0	0	0	0	0	0	0	0	0	0	77	0	0
TCGA-RY-A83Z	0	0	0	0	0	0	0	0	195	0	0	0	0	0	0	0	0	0	0	0	0	0	99	0	0
TCGA-RY-A843	34	0	0	0	0	0	0	0	0	0	0	0	0	0	0	0	0	0	0	0	0	0	128	0	0
TCGA-RY-A845	39	0	0	0	0	0	0	0	0	0	0	0	0	0	0	0	0	0	0	0	0	0	78	0	0
TCGA-S9-A6TS	0	73	0	0	0	0	0	0	0	0	0	0	0	0	0	0	0	0	0	29	0	0	0	0	0
TCGA-S9-A6TU	42	0	0	0	0	0	0	0	0	0	0	0	0	0	0	0	0	0	0	0	0	21	0	0	0
TCGA-S9-A6TV	0	61	0	0	0	0	0	0	0	0	0	0	0	0	0	0	0	0	39	43	0	0	0	0	0
TCGA-S9-A6TZ	42	0	0	0	0	0	0	0	0	0	0	0	0	0	0	0	0	0	0	0	0	0	33	0	0
TCGA-S9-A6U1	29	0	0	0	0	0	0	0	0	0	0	0	0	0	0	0	0	0	0	0	77	0	68	0	0
TCGA-S9-A6U6	46	0	0	0	0	0	0	0	0	0	0	0	0	0	0	0	0	0	0	0	54	0	0	0	0
TCGA-S9-A6U9	43	0	0	0	0	0	0	0	0	0	0	0	0	0	0	0	0	0	0	0	0	0	37	0	0
TCGA-S9-A6WG	33	0	0	0	0	0	0	0	0	0	0	0	0	0	0	0	0	0	0	0	0	0	74	89	0
TCGA-S9-A6WO	40	0	0	0	0	0	0	0	0	0	0	0	0	0	0	0	0	0	0	0	0	0	40	0	0
TCGA-S9-A7IS	0	70	0	0	0	0	0	0	0	0	0	0	0	0	0	0	0	0	0	100	0	0	0	0	0
TCGA-S9-A7IZ	0	51	0	28	0	0	0	0	0	0	0	0	0	0	0	0	65	0	0	0	0	0	0	0	0
TCGA-S9-A7J0	0	71	0	0	0	0	0	0	0	0	0	0	0	0	0	0	0	0	0	152	0	0	0	0	0
TCGA-S9-A7QW	40	15	0	0	0	0	0	0	0	0	0	0	0	0	0	0	0	0	0	0	0	0	25	0	0
TCGA-S9-A7QX	0	84	0	0	0	0	0	0	0	0	0	0	0	0	0	0	0	0	0	81	0	0	0	0	0
TCGA-S9-A7R3	0	0	0	0	0	0	0	0	370	0	0	0	0	0	0	0	0	0	0	0	0	0	0	103	0
TCGA-S9-A7R4	51	0	0	0	0	0	0	0	0	0	0	0	0	0	0	0	0	0	0	0	0	0	41	0	0
TCGA-S9-A7R7	42	0	0	0	0	0	0	0	39	0	0	0	0	0	0	0	0	0	0	0	0	0	34	0	0
TCGA-S9-A7R8	0	0	0	0	0	0	0	0	0	0	0	0	0	0	0	0	0	0	0	0	68	0	0	245	0
TCGA-S9-A89Z	0	64	0	0	0	0	0	0	0	0	0	0	0	0	0	0	131	0	0	0	0	0	0	0	0
TCGA-TM-A7C4	29	0	0	0	0	0	0	0	0	0	0	0	0	0	0	0	0	0	0	0	76	0	54	0	0
TCGA-TM-A7CA	38	0	0	0	0	0	0	0	0	0	0	0	0	0	0	0	0	0	0	0	0	0	60	73	0
TCGA-TM-A7CF	0	65	0	0	0	143	52	0	0	0	0	0	0	0	0	0	0	0	0	0	0	0	0	0	0
TCGA-TM-A84F	0	0	0	0	0	0	0	0	0	0	0	0	0	0	0	0	0	0	0	0	52	0	151	0	0
TCGA-TM-A84H	48	0	0	0	0	0	0	0	0	0	0	0	0	0	0	0	0	0	0	0	0	0	109	0	0
TCGA-TM-A84L	0	95	0	0	0	0	0	0	0	0	0	0	0	0	0	0	0	0	0	111	0	0	0	0	0
TCGA-TM-A84T	47	0	0	0	0	0	0	0	0	0	0	0	0	0	0	0	0	0	0	0	0	0	107	0	0
TCGA-TQ-A7RF	49	0	0	0	0	0	0	0	0	0	0	0	0	0	0	0	0	0	0	0	38	0	0	0	0
TCGA-TQ-A7RH	0	52	0	0	0	0	0	0	0	0	0	0	0	0	0	0	0	0	48	39	0	0	0	0	0
TCGA-TQ-A7RJ	39	0	0	16	0	0	0	0	0	0	0	0	0	0	0	0	0	0	0	0	0	0	20	17	0
TCGA-TQ-A7RK	38	0	0	0	0	0	0	0	0	0	0	0	0	0	0	0	0	0	0	0	31	0	50	0	33
TCGA-TQ-A7RM	0	62	76	0	0	0	0	0	0	0	0	0	0	0	0	0	0	0	0	70	0	0	0	0	0
TCGA-TQ-A7RR	0	79	0	0	0	0	0	0	0	0	0	0	0	0	0	0	0	0	0	47	0	0	0	0	0
TCGA-TQ-A7RV	38	0	0	0	0	0	0	0	0	0	0	0	0	0	0	0	0	0	0	34	0	0	60	0	0
TCGA-TQ-A7RW	33	0	0	0	0	0	0	0	51	0	0	0	0	0	0	0	0	0	0	0	0	0	47	0	0
TCGA-TQ-A8XE	50	0	0	0	0	0	0	0	0	0	0	0	0	0	0	0	0	0	0	0	0	0	84	0	0
TCGA-VM-A8C8	31	0	0	0	0	0	0	0	0	0	0	0	0	0	0	0	0	0	0	0	0	98	72	0	0
TCGA-VM-A8CF	0	54	75	0	0	0	0	0	0	0	0	0	0	0	0	0	0	0	0	86	0	0	0	0	0
TCGA-VM-A8CH	39	0	0	0	0	0	0	0	0	0	0	0	0	0	0	0	0	0	0	0	0	0	124	0	0
TCGA-VV-A86M	44	0	0	0	0	0	0	0	0	0	0	0	0	0	0	0	0	0	0	0	0	0	69	0	0
TCGA-WH-A86K	0	93	0	0	0	0	0	0	0	0	0	0	0	0	0	0	0	0	0	150	0	0	0	0	0
TCGA-WY-A858	0	82	0	0	0	0	0	0	0	0	0	0	0	0	0	0	0	0	0	88	0	0	0	0	0
TCGA-WY-A859	0	71	0	0	0	0	0	0	0	0	0	0	0	0	0	0	0	0	0	211	0	0	0	0	0
TCGA-WY-A85A	0	89	0	0	0	0	0	0	0	0	0	0	0	0	0	0	0	0	0	118	0	0	0	0	0
TCGA-WY-A85B	44	0	0	0	0	0	0	0	0	0	0	0	0	0	0	0	0	0	0	0	0	0	148	0	0
TCGA-WY-A85C	49	0	0	0	0	0	0	0	0	0	0	0	0	0	0	0	0	0	0	0	0	0	77	0	0
TCGA-WY-A85D	34	0	0	0	0	0	0	0	0	0	0	0	0	0	0	0	0	0	0	0	0	0	68	0	0
